1500.0
1555.0
1610.0
1665.0
1720.0
1775.0
1830.0
1885.0
1940.0
1995.0
2050.0
2105.0
2160.0
2215.0
2270.0
2325.0
2380.0
2435.0
2490.0
2545.0
2600.0
2655.0
2710.0
2765.0
2820.0
2875.0
2930.0
2985.0
3040.0
3095.0
3150.0
3205.0
3260.0
3315.0
3370.0
3425.0
3480.0
3535.0
3590.0
3645.0
3700.0
3755.0
3810.0
3865.0
3920.0
3975.0
4030.0
4085.0
4140.0
4195.0
4250.0
4305.0
4360.0
4415.0
4470.0
4525.0
4580.0
4635.0
4690.0
4745.0
4800.0
4855.0
4910.0
4965.0
5020.0
5075.0
5130.0
5185.0
5240.0
5295.0
5350.0
5405.0
5460.0
5515.0
5570.0
5625.0
5680.0
5735.0
5790.0
5845.0
5900.0
5955.0
6010.0
6065.0
6120.0
6175.0
6230.0
6285.0
6340.0
6395.0
6450.0
6505.0
6560.0
6615.0
6670.0
6725.0
6780.0
6835.0
6890.0
6945.0
7000.0
