100
14
95
95
7
87
53
2
2
85
2
2
39
39
41
64
47
0
96
0
6
77
87
0
45
20
0
0
32
85
21
97
48
29
15
7
2
80
9
5
5
3
69
84
45
7
91
79
85
85
85
27
71
18
33
12
41
41
48
48
12
27
88
7
7
60
32
36
55
45
9
9
15
71
17
73
86
86
3
19
80
0
40
93
43
23
73
37
23
83
83
70
11
50
98
48
53
76
76
89
89
6
39
39
52
33
99
99
9
9
9
61
80
0
51
98
31
80
61
17
10
2
2
21
16
15
50
67
72
98
32
51
87
19
96
31
99
99
90
7
40
32
71
6
6
29
59
45
64
82
39
4
13
24
44
48
5
97
26
26
0
75
58
0
14
81
37
86
81
89
88
88
41
5
5
71
64
62
100
100
98
50
14
37
34
81
81
78
75
38
87
60
60
32
49
11
1
1
69
48
91
5
98
3
0
20
20
30
30
64
19
28
27
8
77
43
100
91
82
0
94
94
94
0
48
64
2
2
2
57
20
20
56
73
53
24
62
61
90
90
90
53
86
4
24
28
28
59
31
83
16
0
40
0
0
0
67
67
58
59
86
86
0
14
57
50
58
26
26
84
83
59
1
1
6
6
6
50
72
40
96
1
90
90
12
27
32
87
87
37
83
55
73
8
95
95
97
29
29
55
43
8
33
25
25
29
23
23
63
36
67
48
0
57
0
87
87
93
93
51
58
11
11
51
21
24
71
22
95
7
95
95
98
98
59
79
79
41
42
83
83
66
93
93
93
15
30
65
65
0
98
98
95
99
99
43
15
40
0
37
8
8
92
27
65
5
5
5
62
7
85
85
0
55
15
9
52
52
41
51
12
98
98
95
95
40
27
27
27
2
53
6
6
4
4
25
21
59
66
37
69
90
90
57
95
79
79
50
59
13
13
21
71
92
92
98
56
51
79
83
12
28
53
83
83
46
0
68
98
98
99
65
32
49
91
91
58
30
10
92
92
31
86
91
91
38
0
16
72
75
47
63
79
5
5
2
25
0
19
72
0
25
25
56
0
49
88
88
88
65
48
66
22
100
94
90
90
90
97
97
97
100
89
26
39
0
70
70
76
25
25
11
68
68
79
21
79
79
77
57
2
2
94
53
47
22
29
82
82
66
96
96
56
37
30
64
96
96
99
75
44
0
23
23
28
28
1
89
91
82
57
83
93
31
7
25
22
68
34
25
25
19
0
0
30
30
59
5
66
21
50
54
71
65
23
23
33
74
0
0
28
88
34
2
2
62
24
24
95
32
42
69
73
85
85
85
85
85
74
50
93
93
30
0
0
0
0
83
83
26
12
5
5
39
85
85
68
7
7
59
47
14
85
85
4
4
98
1
1
1
86
86
97
10
10
30
30
92
54
31
31
4
4
62
76
13
4
4
61
3
3
20
28
33
3
3
32
32
0
24
24
12
8
21
91
37
6
6
98
98
54
41
71
56
56
9
9
41
49
10
17
5
96
96
24
86
86
86
77
0
55
71
31
22
98
17
68
68
7
7
67
67
54
0
53
2
2
0
86
86
86
46
62
62
30
40
36
80
80
30
68
9
91
91
7
17
82
82
79
79
37
29
23
23
49
49
42
23
7
7
1
1
41
99
99
23
23
21
21
6
6
12
19
71
38
97
81
81
39
84
84
20
17
34
90
5
5
44
44
16
8
8
96
96
39
78
60
50
50
96
2
2
0
67
26
28
6
6
68
68
23
91
25
25
44
51
51
78
76
72
13
0
99
79
6
6
26
0
0
23
79
50
50
50
40
40
98
98
12
94
2
2
2
12
46
9
0
0
0
0
46
0
10
10
48
48
40
40
40
68
68
34
82
82
77
68
68
98
72
94
88
88
12
84
84
84
71
83
83
66
98
98
4
98
68
95
21
0
92
92
68
100
100
90
90
90
90
98
98
26
10
96
8
8
29
89
89
75
8
92
76
55
0
0
82
28
83
3
3
78
69
28
28
41
26
91
91
90
90
80
0
21
21
81
81
6
71
20
82
82
9
9
39
80
88
88
62
72
39
39
85
85
97
62
56
9
9
29
87
87
44
62
18
83
83
10
97
30
24
24
87
87
27
4
4
52
44
44
99
99
29
13
36
3
3
92
51
18
47
86
86
89
89
3
3
0
0
74
54
78
74
85
85
96
11
0
1
1
7
7
39
56
56
65
47
34
34
26
39
2
2
78
0
36
85
85
85
89
81
10
10
90
90
41
25
14
0
4
4
86
86
13
22
85
85
38
88
88
96
96
11
2
2
91
26
48
48
67
0
16
21
35
86
86
25
91
81
81
1
1
96
73
94
38
51
88
88
83
83
5
3
3
36
0
96
96
25
25
7
7
41
56
56
22
17
0
3
3
25
25
80
24
6
6
9
9
20
44
20
51
26
29
53
76
68
68
14
36
0
93
93
21
34
3
3
94
94
28
28
82
48
5
68
27
27
25
25
33
38
51
9
9
80
80
84
84
44
74
74
77
0
95
99
99
36
19
56
88
88
89
89
94
98
98
0
80
80
66
80
80
48
35
35
13
0
25
25
97
31
2
2
8
84
84
59
19
97
97
97
80
38
97
89
89
24
35
52
61
2
2
2
68
68
55
91
91
50
84
84
94
83
37
25
25
74
22
22
23
96
64
82
34
84
84
31
9
3
3
0
54
12
12
32
12
9
9
9
83
83
4
