1500.0
1542.3076923076924
1584.6153846153845
1626.923076923077
1669.2307692307693
1711.5384615384614
1753.8461538461538
1796.1538461538462
1838.4615384615386
1880.7692307692307
1923.076923076923
1965.3846153846152
2007.6923076923076
2050.0
2092.3076923076924
2134.6153846153848
2176.923076923077
2219.230769230769
2261.5384615384614
2303.846153846154
2346.153846153846
2388.4615384615386
2430.7692307692305
2473.076923076923
2515.3846153846152
2557.6923076923076
2600.0
2642.3076923076924
2684.6153846153848
2726.923076923077
2769.2307692307695
2811.5384615384614
2853.846153846154
2896.153846153846
2938.461538461538
2980.7692307692305
3023.076923076923
3065.3846153846152
3107.6923076923076
3150.0
3192.3076923076924
3234.6153846153848
3276.923076923077
3319.2307692307695
3361.5384615384614
3403.846153846154
3446.153846153846
3488.461538461538
3530.7692307692305
3573.076923076923
3615.3846153846152
3657.6923076923076
3700.0
3742.3076923076924
3784.6153846153848
3826.9230769230767
3869.230769230769
3911.5384615384614
3953.846153846154
3996.153846153846
4038.4615384615386
4080.7692307692305
4123.076923076923
4165.384615384615
4207.692307692308
4250.0
4292.307692307692
4334.615384615385
4376.923076923076
4419.2307692307695
4461.538461538461
4503.846153846154
4546.153846153846
4588.461538461539
4630.7692307692305
4673.076923076923
4715.384615384615
4757.692307692308
4800.0
4842.307692307692
4884.615384615385
4926.923076923076
4969.2307692307695
5011.538461538461
5053.846153846154
5096.153846153846
5138.461538461539
5180.7692307692305
5223.076923076923
5265.384615384615
5307.692307692308
5350.0
5392.307692307692
5434.615384615385
5476.923076923076
5519.2307692307695
5561.538461538461
5603.846153846153
5646.153846153846
5688.461538461538
5730.7692307692305
5773.076923076923
5815.384615384615
5857.692307692308
5900.0
5942.307692307692
5984.615384615385
6026.923076923077
6069.2307692307695
6111.538461538461
6153.846153846153
6196.153846153846
6238.461538461538
6280.7692307692305
6323.076923076923
6365.384615384615
6407.692307692308
6450.0
6492.307692307692
6534.615384615385
6576.923076923077
6619.2307692307695
6661.538461538461
6703.846153846153
6746.153846153846
6788.461538461538
6830.7692307692305
6873.076923076923
6915.384615384615
6957.692307692308
7000.0
