32     311600
101     188845
116     134803
97     118991
111     111320
110     104371
105     99739
115     96507
104     96365
114     86179
108     63959
100     60454
117     42489
109     36436
10     35763
99     35530
119     33199
102     32666
103     30830
121     29622
44     28667
112     25054
98     24073
46     14584
118     14408
107     11340
73     5909
59     5721
45     3849
8220     3430
84     3252
8221     3238
65     2938
8217     2797
83     2508
66     2500
77     2385
33     2268
72     1983
34	   1900
87     1914
120     1913
113     1894
67     1852
8212     1728
69     1685
95     1584
106     1557
122     1552
80     1515
76     1479
63     1469
68     1243
78     1133
70     978
71     899
82     876
79     848
39     748
89     640
74     589
58     378
49     354
81     325
40     274
41     274
75     225
85     223
48     210
86     162
42     161
8216     147
50     143
51     123
53     120
56     112
52     102
55     100
54     85
57     84
47     52
90     24
230     23
88     18
36     6
233     5
91     4
93     4
64     4
163     4
339     4
232     3
35     2
37     2
38     2
1495     1
1493     1
1008     1
951     1
964     1
959     1
962     1
338     1
226     1
