50
14
0
1
105
119
79
111
127
41
127
93
101
88
101
80
3
8
0
1
128
28
128
34
109
122
107
17
111
114
125
73
125
83
117
25
104
41
35
2
108
109
91
41
51
25
93
42
42
108
54
100
1
0
126
128
15
96
8
121
49
96
19
65
121
49
20
20
114
10
11
18
37
2
109
15
103
60
103
65
27
95
95
128
129
87
14
120
93
83
6
6
10
1
109
8
107
15
81
38
0
55
57
94
96
121
129
61
4
10
4
91
10
50
10
57
129
129
58
91
60
56
24
105
24
13
35
102
8
7
100
32
21
65
7
2
15
85
121
77
121
62
122
15
88
34
88
4
4
27
100
66
91
32
89
34
86
44
9
9
52
73
49
23
47
20
41
60
3
57
3
8
7
2
2
47
56
12
114
0
38
116
112
116
59
83
30
66
67
66
112
113
57
38
13
108
94
124
9
9
25
94
33
7
3
16
6
34
121
109
121
43
100
121
98
35
0
102
7
124
41
124
115
129
33
130
69
40
49
82
7
8
63
58
104
3
127
126
17
31
17
50
56
69
89
62
38
38
109
24
113
60
95
96
40
105
48
4
75
104
109
0
114
0
59
73
78
38
53
42
4
4
39
93
125
98
21
98
121
38
117
125
124
117
125
123
15
64
68
66
10
114
95
79
53
110
10
18
95
110
23
31
112
30
112
2
2
95
90
13
116
54
73
122
117
27
79
92
93
66
3
117
3
46
36
68
129
95
129
5
26
26
13
87
109
124
123
84
98
37
78
72
50
24
87
128
1
128
89
17
114
90
97
92
92
37
14
23
112
110
0
111
0
55
111
112
127
128
49
93
21
74
21
30
117
45
112
124
125
68
126
19
28
107
107
90
107
107
9
102
16
4
3
4
63
106
66
129
103
29
111
112
53
106
56
34
33
71
50
95
9
101
1
4
121
123
108
47
108
25
26
115
21
4
3
121
79
30
122
123
19
4
121
4
121
62
110
40
50
26
127
128
7
7
49
92
38
38
13
42
1
36
121
123
121
18
34
23
1
25
24
116
92
3
4
14
58
1
20
14
128
127
60
116
102
112
110
109
113
117
13
130
8
38
129
125
126
34
33
92
113
26
67
14
59
109
11
36
4
3
106
25
64
0
17
0
17
27
23
22
99
42
104
79
87
94
11
62
120
121
81
86
15
100
96
114
87
129
111
129
54
7
7
2
16
1
55
128
116
26
81
13
120
122
123
122
84
11
33
123
124
32
2
56
114
122
128
125
125
81
32
84
0
19
0
26
21
89
51
29
8
9
56
124
97
102
64
102
13
9
10
3
39
2
125
104
5
30
97
45
3
4
41
100
40
8
120
119
51
49
33
114
113
33
96
34
127
125
111
7
7
9
8
103
94
103
125
124
129
129
113
124
64
124
60
89
9
107
24
26
25
24
58
95
47
57
67
102
67
9
10
38
107
69
42
