118
47
89
4
74
32
121
11
71
4
122
26
88
119
71
115
119
35
58
56
35
127
14
128
121
26
128
109
44
38
58
35
56
106
89
59
13
95
104
73
17
41
61
32
47
46
47
74
118
35
11
28
47
122
112
2
119
28
29
119
121
101
56
121
41
14
85
35
26
85
23
44
124
101
35
13
20
89
16
56
95
61
116
17
127
104
32
4
89
47
31
32
35
97
71
47
79
26
2
76
71
29
76
35
101
13
35
41
100
128
35
112
128
23
1
38
101
121
56
20
46
59
56
52
104
116
103
41
86
68
112
59
14
106
122
119
82
122
17
10
128
20
82
71
95
52
110
92
64
125
8
118
59
44
10
107
116
43
56
62
22
50
8
28
59
65
19
68
20
58
41
86
25
26
59
100
20
122
76
125
122
103
53
128
106
125
71
52
95
110
49
107
125
94
32
59
1
53
107
73
86
56
19
65
50
94
71
59
22
62
68
106
101
41
43
68
26
16
14
20
79
119
125
79
17
53
85
20
125
28
95
95
67
92
107
82
8
32
16
44
53
64
116
86
13
62
65
7
8
71
16
65
62
25
20
101
84
10
73
99
49
112
27
40
106
36
58
91
66
34
25
117
121
67
63
55
97
3
76
22
87
82
97
30
40
88
102
91
94
42
70
40
87
112
49
123
115
58
18
127
10
30
13
49
69
70
40
63
79
58
48
109
34
111
31
121
24
106
55
54
46
76
108
1
82
54
73
40
45
16
91
51
85
70
126
1
112
6
37
115
15
61
127
96
73
13
6
112
70
126
106
79
15
91
109
120
25
31
78
67
106
12
97
46
33
22
1
39
97
73
126
88
16
48
94
85
27
40
1
69
49
37
72
58
81
75
84
48
54
54
96
27
48
0
72
6
0
33
111
18
84
75
120
42
60
9
12
99
66
33
108
72
120
84
57
42
27
42
114
9
75
42
84
18
33
90
90
81
75
84
48
54
54
96
27
48
0
72
6
0
33
111
18
84
75
120
42
60
9
12
99
66
33
108
72
120
84
57
42
27
42
114
9
75
42
84
18
33
90
90
81
75
84
48
54
54
96
27
48
0
72
6
0
33
111
18
84
75
120
42
60
9
12
99
66
33
108
72
120
84
57
42
27
42
114
9
75
42
84
18
33
90
58
122
3
109
53
114
25
71
18
82
14
63
73
110
117
85
68
90
25
122
63
49
59
84
88
50
90
109
92
102
91
47
66
94
95
78
19
14
48
61
104
15
121
101
36
46
23
96
28
68
114
61
125
57
106
116
24
31
128
111
4
68
36
106
92
102
127
2
93
4
23
6
16
5
90
109
8
9
121
62
57
91
104
18
58
35
15
79
89
66
10
71
111
28
104
39
100
20
30
67
74
42
25
47
111
79
20
6
16
41
45
7
47
66
49
59
48
4
23
51
52
35
105
100
5
18
61
101
